Success!
ebest = 0
1 
30 
31 
2 
3 
5 
8 
22 
26 
24 
20 
27 
4 
11 
21 
6 
16 
7 
17 
10 
13 
15 
28 
9 
12 
14 
29 
18 
23 
25 
19 


Success!
ebest = 0
1 
30 
31 
2 
3 
5 
8 
23 
24 
18 
28 
29 
22 
26 
7 
10 
4 
12 
16 
15 
13 
14 
21 
19 
25 
6 
11 
20 
17 
9 
27 
Success!
ebest = 0
1 
30 
31 
2 
3 
5 
8 
10 
18 
25 
28 
29 
24 
26 
19 
15 
23 
6 
4 
22 
16 
21 
7 
12 
9 
20 
14 
27 
11 
17 
13 
Success!
ebest = 0
1 
30 
31 
2 
3 
5 
8 
13 
23 
15 
25 
24 
29 
28 
21 
22 
19 
26 
9 
16 
10 
17 
27 
20 
7 
4 
11 
12 
18 
14 
6 Success!
ebest = 0
1 
30 
31 
2 
3 
5 
8 
26 
16 
14 
25 
18 
7 
29 
27 
6 
22 
28 
24 
23 
21 
9 
20 
19 
15 
13 
17 
4 
11 
10 
12 Success!
ebest = 0
1 
30 
31 
2 
3 
5 
8 
15 
14 
25 
28 
23 
29 
27 
4 
17 
22 
6 
24 
26 
11 
19 
7 
20 
18 
9 
13 
12 
16 
21 
10 
Success!
ebest = 0
1 
30 
31 
2 
3 
5 
8 
6 
23 
22 
9 
29 
19 
28 
24 
15 
18 
12 
21 
25 
17 
16 
26 
7 
4 
27 
20 
13 
10 
11 
14 Success!
ebest = 0
1 
30 
31 
2 
3 
5 
8 
22 
21 
15 
28 
6 
29 
24 
16 
12 
13 
25 
4 
20 
18 
17 
14 
27 
19 
7 
11 
26 
9 
23 
10 

real    0m32.403s
user    0m4.696s
sys     0m0.036sSuccess!
ebest = 0
1 
30 
31 
2 
3 
5 
8 
26 
21 
25 
18 
10 
23 
29 
15 
6 
22 
19 
24 
14 
16 
12 
17 
27 
20 
11 
9 
13 
4 
28 
7 

real    0m34.119s
user    0m4.904s
sys     0m0.048sSuccess!
ebest = 0
1 
30 
31 
2 
3 
5 
8 
26 
13 
28 
24 
25 
23 
20 
16 
7 
4 
22 
19 
11 
12 
21 
9 
29 
15 
18 
10 
6 
27 
17 
14 

real    0m6.670s
user    0m1.032s
sys     0m0.004s
Success!
ebest = 0
1 
30 
31 
2 
3 
5 
8 
19 
26 
28 
21 
24 
12 
29 
20 
9 
13 
27 
10 
15 
6 
18 
7 
4 
16 
23 
17 
25 
14 
22 
11 

real    1m1.690s
user    0m8.817s
sys     0m0.048s
Success!
ebest = 0
1 
30 
31 
2 
3 
5 
8 
22 
7 
17 
24 
27 
29 
26 
25 
12 
10 
18 
14 
20 
16 
15 
9 
19 
11 
23 
4 
28 
13 
21 
6 

real    0m5.039s
user    0m0.832s
sys     0m0.004s


starting trial 276
prob = 0.518317  e 8 enew 10
prob = 9.74329e-37  e 4 enew 16
prob = 3.70006e-253  e 2 enew 6
prob = 0  e 2 enew 12
prob = 0  e 2 enew 8
Success!
ebest = 0
1 
62 
63 
2 
3 
5 
8 
58 
59 
47 
53 
57 
50 
56 
48 
21 
7 
16 
17 
9 
6 
20 
14 
54 
22 
4 
25 
26 
27 
24 
12 
30 
31 
61 
60 
29 
11 
45 
40 
43 
15 
55 
18 
42 
38 
13 
34 
33 
39 
36 
49 
35 
51 
23 
41 
52 
37 
10 
46 
28 
32 
19 
44
real    22m27.614s
user    8m32.816s
sys     0m2.448s

Success!
ebest = 0
1 
62 
63 
2 
3 
5 
8 
50 
56 
53 
36 
34 
61 
59 
55 
39 
16 
17 
13 
9 
25 
32 
38 
12 
52 
4 
24 
6 
10 
42 
60 
20 
22 
23 
54 
57 
41 
43 
45 
21 
19 
11 
28 
31 
47 
30 
29 
18 
33 
27 
26 
35 
49 
40 
44 
58 
48 
51 
46 
15 
7 
37 
14 

real    19m8.748s
user    15m49.447s
sys     0m4.372s

Success!
ebest = 0
1 
62 
63 
2 
3 
5 
8 
23 
56 
42 
60 
55 
61 
48 
59 
10 
6 
11 
4 
33 
26 
18 
24 
9 
21 
31 
17 
25 
29 
12 
16 
30 
15 
37 
54 
22 
49 
57 
53 
19 
34 
44 
28 
43 
47 
50 
20 
46 
41 
36 
14 
7 
39 
27 
58 
13 
52 
35 
32 
40 
45 
38 
51 

real    4m0.248s
user    2m53.495s
sys     0m0.848s
Success!
ebest = 0
1 
62 
63 
2 
3 
5 
8 
59 
54 
42 
57 
24 
61 
41 
56 
6 
15 
7 
13 
48 
19 
29 
55 
45 
46 
10 
11 
4 
52 
18 
51 
40 
36 
25 
50 
34 
53 
39 
27 
23 
16 
32 
22 
20 
58 
12 
31 
33 
38 
30 
26 
14 
28 
60 
47 
49 
44 
37 
21 
35 
17 
9 
43 

real    0m15.668s
user    0m12.117s
sys     0m0.068s
Success!
ebest = 0
1 
62 
63 
2 
3 
5 
8 
50 
27 
49 
22 
61 
58 
60 
59 
6 
12 
37 
26 
13 
55 
43 
52 
4 
7 
11 
19 
18 
48 
14 
51 
47 
20 
10 
35 
34 
33 
21 
57 
31 
42 
15 
23 
28 
30 
9 
45 
41 
54 
16 
56 
44 
39 
36 
46 
53 
38 
32 
24 
25 
40 
17 
29 

real    5m34.004s
user    4m44.266s
sys     0m1.084s

Success!
ebest = 0
1 
62 
63 
2 
3 
5 
8 
55 
59 
27 
53 
52 
61 
56 
60 
21 
18 
32 
16 
42 
6 
4 
46 
10 
11 
7 
38 
28 
58 
14 
9 
33 
50 
31 
49 
57 
12 
35 
26 
24 
25 
51 
45 
40 
48 
13 
43 
15 
36 
20 
19 
29 
37 
34 
39 
22 
17 
44 
23 
30 
54 
41 
47


Success!
ebest = 0
1 
62 
63 
2 
3 
5 
8 
54 
53 
60 
57 
52 
21 
51 
38 
42 
14 
36 
16 
4 
7 
9 
12 
6 
49 
47 
41 
15 
23 
27 
11 
29 
24 
28 
43 
32 
55 
58 
26 
39 
45 
40 
30 
33 
31 
61 
37 
56 
44 
34 
17 
13 
46 
35 
10 
22 
59 
25 
18 
19 
48 
50 
20 

real    15m35.907s
user    12m12.606s
sys     0m3.388s
starting trial 286
prob = 0.710704  e 30 enew 38
Success!
ebest = 0
1 
62 
63 
2 
3 
5 
8 
58 
10 
52 
60 
57 
47 
49 
61 
44 
24 
40 
55 
9 
19 
14 
13 
30 
6 
12 
11 
32 
25 
7 
54 
15 
48 
26 
23 
21 
18 
50 
37 
41 
20 
31 
56 
42 
53 
34 
33 
17 
39 
29 
46 
43 
27 
59 
36 
16 
38 
22 
35 
51 
45 
28 
4 

Success!
ebest = 0
1 
62 
63 
2 
3 
5 
8 
59 
55 
49 
57 
29 
61 
50 
53 
27 
15 
4 
6 
42 
11 
9 
18 
14 
51 
21 
40 
16 
7 
12 
30 
28 
13 
10 
25 
32 
54 
58 
19 
17 
36 
22 
48 
56 
38 
20 
26 
31 
23 
39 
24 
52 
41 
37 
44 
34 
35 
33 
43 
45 
47 
46 
60 

real    24m6.878s
user    17m41.222s
sys     0m6.216s
Success!
ebest = 0
1 
62 
63 
2 
3 
5 
8 
51 
56 
60 
47 
61 
35 
48 
46 
36 
6 
4 
25 
17 
21 
22 
23 
10 
14 
38 
18 
28 
42 
13 
12 
29 
26 
43 
59 
54 
50 
53 
16 
15 
30 
33 
57 
44 
27 
37 
24 
52 
58 
55 
40 
11 
49 
34 
39 
32 
9 
19 
7 
31 
45 
20 
41 

real    26m16.625s
user    15m43.943s
sys     0m4.720s
Success!
ebest = 0
1 
62 
63 
2 
3 
5 
8 
56 
55 
60 
48 
53 
61 
57 
51 
19 
4 
27 
46 
13 
14 
35 
44 
18 
23 
17 
39 
6 
7 
58 
11 
34 
30 
12 
24 
28 
52 
10 
25 
54 
47 
26 
9 
41 
16 
20 
15 
21 
36 
33 
50 
59 
31 
22 
37 
29 
45 
38 
40 
32 
42 
49 
43 

real    1m49.474s
user    1m26.689s
sys     0m0.372s
1, 62, 63, 2, 3, 5, 8, 58, 59, 47, 53, 57, 50, 56, 48, 21, 7, 16, 17, 9, 6, 20, 14, 54, 22, 4, 25, 26, 27, 24, 12, 30, 31, 61, 60, 29, 11, 45, 40, 43, 15, 55, 18, 42, 38, 13, 34, 33, 39, 36, 49, 35, 51, 23, 41, 52, 37, 10, 46, 28, 32, 19, 44

Success!
ebest = 0
1,62,63,2,3,5,8,50,38,60,57,61,54,52,49,15,29,10,18,22,23,4,6,9,11,25,58,13,37,31,59,48,41,24,45,55,33,40,17,28,39,53,14,51,47,46,20,7,43,36,35,44,56,16,12,21,26,34,30,42,19,32,27

real    4m6.403s
user    1m35.206s
sys     0m0.452s
Success!
ebest = 0
1,62,63,2,3,5,8,56,40,54,52,61,55,27,53,58,21,25,48,42,18,22,28,20,4,13,7,16,60,24,6,12,14,41,37,30,15,11,9,35,33,36,44,47,39,34,49,43,51,57,31,45,26,59,29,19,50,17,32,38,23,46,10,

real    10m10.283s
user    7m31.136s
sys     0m2.140s
