2 1
3 3.9903
4 9.012
5 16.1467
6 24.8906
7 36.3029
8 49.0312
9 64.3608
10 81.037
11 99.3042
12 120.766
13 144.289
14 168.885
15 198.132
16 226.116
17 255.964
18 287.586
19 323.12
20 363.22
21 394.101
22 441.64
23 483.384
24 533.647
25 572.255
26 624.981
27 684.584
28 732.106
29 781.635
30 840.62
31 898.749
32 965.027
33 1014.49
34 1091.38
35 1150.46
36 1245.65
37 1281.39
38 1364.42
39 1450
40 1509.8
41 1599.2
42 1693.93
43 1769.13
44 1852.63
45 1938.15
46 2007.97
47 2104.45
48 2205.31
49 2306.85
50 2381.88
51 2503.46
52 2599.81
53 2720.34
54 2803.89
55 2932.27
56 3023.01
57 3119.61
58 3240.01
59 3386.05
60 3483.45
61 3607.27
62 3693.8
63 3821.98
64 3950.63
65 4118.46
66 4223.69
67 4353.08
68 4508.53
69 4633
70 4769.63
71 4923.54
72 5096.34
73 5167.72
74 5291.74
75 5472.69
76 5645.3
77 5742.67
78 5928.4
79 6058.03
80 6282.61
81 6423.31
82 6549.04
83 6772.18
84 6824.88
85 7018.31
86 7177.44
87 7367.91
88 7594.97
89 7786.48
90 7917.44
91 8128.92
92 8177.81
93 8427.84
94 8634.38
95 8846.67
96 9110.82
97 9327.37
98 9419.48
99 9563.27
100 9844.78
